# Created by Octave 5.1.0, Thu May 02 14:27:45 2019 GMT <unknown@MA-RL-VMNX46>
# name: data
# type: cell
# rows: 1
# columns: 1
# name: <cell-element>
# type: scalar
1.2054700000000004e+142





