# Created by Octave 5.1.0, Thu May 02 14:27:46 2019 GMT <unknown@MA-RL-VMNX46>
# name: data
# type: cell
# rows: 1
# columns: 1
# name: <cell-element>
# type: scalar
1304.1141399999997





