# Created by Octave 5.1.0, Thu May 02 14:27:48 2019 GMT <unknown@MA-RL-VMNX46>
# name: data
# type: cell
# rows: 1
# columns: 1396
# name: <cell-element>
# type: scalar
1.3170000000000001e+78



# name: <cell-element>
# type: scalar
2943892000



# name: <cell-element>
# type: scalar
3.5899999999999999



# name: <cell-element>
# type: scalar
4



# name: <cell-element>
# type: scalar
5



# name: <cell-element>
# type: scalar
6.2999999999999998



# name: <cell-element>
# type: scalar
7



# name: <cell-element>
# type: scalar
8



# name: <cell-element>
# type: scalar
91



# name: <cell-element>
# type: scalar
Inf



# name: <cell-element>
# type: scalar
11



# name: <cell-element>
# type: scalar
12



# name: <cell-element>
# type: scalar
13.372000000000002



# name: <cell-element>
# type: scalar
1.413574737e+56



# name: <cell-element>
# type: scalar
1520600



# name: <cell-element>
# type: scalar
16.399999999999999



# name: <cell-element>
# type: scalar
17.643000000000001



# name: <cell-element>
# type: scalar
18.336000000000002



# name: <cell-element>
# type: scalar
19.859999999999999



# name: <cell-element>
# type: scalar
2.0700000000000001e+37



# name: <cell-element>
# type: scalar
21070000000



# name: <cell-element>
# type: scalar
22



# name: <cell-element>
# type: scalar
23.5



# name: <cell-element>
# type: scalar
24.621000000000002



# name: <cell-element>
# type: scalar
25.905446999999995



# name: <cell-element>
# type: scalar
26



# name: <cell-element>
# type: scalar
27



# name: <cell-element>
# type: scalar
2.8603930000000002e+50



# name: <cell-element>
# type: scalar
29



# name: <cell-element>
# type: scalar
30



# name: <cell-element>
# type: scalar
3.1000000000000001e+51



# name: <cell-element>
# type: scalar
32.299999999999997



# name: <cell-element>
# type: scalar
33.530000000000001



# name: <cell-element>
# type: scalar
34



# name: <cell-element>
# type: scalar
35



# name: <cell-element>
# type: scalar
36.5



# name: <cell-element>
# type: scalar
37



# name: <cell-element>
# type: scalar
3.8906000000000008e+77



# name: <cell-element>
# type: scalar
39.129559300000011



# name: <cell-element>
# type: scalar
Inf



# name: <cell-element>
# type: scalar
41.100000000000001



# name: <cell-element>
# type: scalar
42.533999999999999



# name: <cell-element>
# type: scalar
43.933100000000003



# name: <cell-element>
# type: scalar
44.899999999999999



# name: <cell-element>
# type: scalar
45



# name: <cell-element>
# type: scalar
46.960000000000001



# name: <cell-element>
# type: scalar
47.299999999999997



# name: <cell-element>
# type: scalar
Inf



# name: <cell-element>
# type: scalar
49.829999999999998



# name: <cell-element>
# type: scalar
50



# name: <cell-element>
# type: scalar
51.799999999999997



# name: <cell-element>
# type: scalar
52.439999999999998



# name: <cell-element>
# type: scalar
5360000



# name: <cell-element>
# type: scalar
54.579999999999998



# name: <cell-element>
# type: scalar
55



# name: <cell-element>
# type: scalar
56.640000000000001



# name: <cell-element>
# type: scalar
57.009999999999998



# name: <cell-element>
# type: scalar
5.8008780000000007e+48



# name: <cell-element>
# type: scalar
Inf



# name: <cell-element>
# type: scalar
60.639000000000003



# name: <cell-element>
# type: scalar
61.399999999999999



# name: <cell-element>
# type: scalar
62.600000000000001



# name: <cell-element>
# type: scalar
63.979999999999997



# name: <cell-element>
# type: scalar
64.838999999999999



# name: <cell-element>
# type: scalar
65.900000000000006



# name: <cell-element>
# type: scalar
66



# name: <cell-element>
# type: scalar
67



# name: <cell-element>
# type: scalar
68.299900000000008



# name: <cell-element>
# type: scalar
6927497



# name: <cell-element>
# type: scalar
70.597999999999999



# name: <cell-element>
# type: scalar
71.109999999999999



# name: <cell-element>
# type: scalar
72



# name: <cell-element>
# type: scalar
73



# name: <cell-element>
# type: scalar
74



# name: <cell-element>
# type: scalar
75



# name: <cell-element>
# type: scalar
Inf



# name: <cell-element>
# type: scalar
Inf



# name: <cell-element>
# type: scalar
78



# name: <cell-element>
# type: scalar
79.700000000000003



# name: <cell-element>
# type: scalar
80.200000000000003



# name: <cell-element>
# type: scalar
81.400000000000006



# name: <cell-element>
# type: scalar
82.920000000000002



# name: <cell-element>
# type: scalar
83.099999999999994



# name: <cell-element>
# type: scalar
84



# name: <cell-element>
# type: scalar
85



# name: <cell-element>
# type: scalar
86.5



# name: <cell-element>
# type: scalar
87



# name: <cell-element>
# type: scalar
88.340000000000003



# name: <cell-element>
# type: scalar
891.23526099999992



# name: <cell-element>
# type: scalar
90



# name: <cell-element>
# type: scalar
91.700000000000003



# name: <cell-element>
# type: scalar
92



# name: <cell-element>
# type: scalar
93



# name: <cell-element>
# type: scalar
94



# name: <cell-element>
# type: scalar
95



# name: <cell-element>
# type: scalar
96.390000000000001



# name: <cell-element>
# type: scalar
97.555910999999995



# name: <cell-element>
# type: scalar
98.841999999999999



# name: <cell-element>
# type: scalar
99.327999999999989



# name: <cell-element>
# type: scalar
100



# name: <cell-element>
# type: scalar
101.09999999999999



# name: <cell-element>
# type: scalar
102.706



# name: <cell-element>
# type: scalar
103.3



# name: <cell-element>
# type: scalar
104.66999999999999



# name: <cell-element>
# type: scalar
10500000000



# name: <cell-element>
# type: scalar
106.09988



# name: <cell-element>
# type: scalar
107.49000000000001



# name: <cell-element>
# type: scalar
108.813



# name: <cell-element>
# type: scalar
109.17823999999999



# name: <cell-element>
# type: scalar
110.59999999999999



# name: <cell-element>
# type: scalar
111.02992400000001



# name: <cell-element>
# type: scalar
Inf



# name: <cell-element>
# type: scalar
113.04498440000002



# name: <cell-element>
# type: scalar
114.67999999999999



# name: <cell-element>
# type: scalar
115



# name: <cell-element>
# type: scalar
116.8



# name: <cell-element>
# type: scalar
117.90000000000001



# name: <cell-element>
# type: scalar
Inf



# name: <cell-element>
# type: scalar
119.01000000000001



# name: <cell-element>
# type: scalar
120



# name: <cell-element>
# type: scalar
121.90000000000001



# name: <cell-element>
# type: scalar
122.40000000000001



# name: <cell-element>
# type: scalar
123.17999999999999



# name: <cell-element>
# type: scalar
Inf



# name: <cell-element>
# type: scalar
125



# name: <cell-element>
# type: scalar
126000000



# name: <cell-element>
# type: scalar
12716999999.999998



# name: <cell-element>
# type: scalar
128.102



# name: <cell-element>
# type: scalar
129.20999999999998



# name: <cell-element>
# type: scalar
130.09999999999999



# name: <cell-element>
# type: scalar
131



# name: <cell-element>
# type: scalar
132.90000000000001



# name: <cell-element>
# type: scalar
133.69999999999999



# name: <cell-element>
# type: scalar
134.65100000000001



# name: <cell-element>
# type: scalar
Inf



# name: <cell-element>
# type: scalar
136.87013287700003



# name: <cell-element>
# type: scalar
137.17859999999999



# name: <cell-element>
# type: scalar
138



# name: <cell-element>
# type: scalar
139



# name: <cell-element>
# type: scalar
140



# name: <cell-element>
# type: scalar
141.28999999999999



# name: <cell-element>
# type: scalar
1.42141444128e+18



# name: <cell-element>
# type: scalar
1.4395000000000002e+62



# name: <cell-element>
# type: scalar
144



# name: <cell-element>
# type: scalar
145



# name: <cell-element>
# type: scalar
146.05800000000002



# name: <cell-element>
# type: scalar
1479000000



